Gamma(Z_30),  n = 2*3*5
  I(Z_30) = [0, 1, 6, 10, 15, 16, 21, 25]
  |V| = 21,  |E| = 57 (formula: 57)
       x  deg formula  neighbours
       2    4       4  [4, 8, 14, 28]
       3    5       5  [12, 18, 22, 27, 28]
       4    6       6  [2, 6, 12, 21, 26, 27]
       5    5       5  [10, 16, 20, 25, 26]
       6    6       6  [4, 9, 10, 15, 24, 25]
       8    3       3  [2, 22, 28]
       9    6       6  [6, 12, 16, 21, 22, 27]
      10    6       6  [5, 6, 15, 20, 21, 26]
      12    6       6  [3, 4, 9, 18, 24, 28]
      14    4       4  [2, 16, 22, 26]
      15    5       5  [6, 10, 16, 21, 25]
      16    6       6  [5, 9, 14, 15, 20, 24]
      18    5       5  [3, 12, 22, 27, 28]
      20    5       5  [5, 10, 16, 25, 26]
      21    6       6  [4, 9, 10, 15, 24, 25]
      22    6       6  [3, 8, 9, 14, 18, 24]
      24    6       6  [6, 12, 16, 21, 22, 27]
      25    6       6  [5, 6, 15, 20, 21, 26]
      26    6       6  [4, 5, 10, 14, 20, 25]
      27    6       6  [3, 4, 9, 18, 24, 28]
      28    6       6  [2, 3, 8, 12, 18, 27]
  components = 1, diameter = 4, path = False
