Gamma(Z_20),  n = 2^2*5
  I(Z_20) = [0, 1, 5, 16]
  |V| = 11,  |E| = 11 (formula: 11)
       x  deg formula  neighbours
       2    2       2  [14, 18]
       4    2       2  [12, 16]
       5    2       2  [15, 16]
       6    3       3  [10, 14, 15]
       8    1       1  [12]
      10    2       2  [6, 15]
      12    2       2  [4, 8]
      14    2       2  [2, 6]
      15    3       3  [5, 6, 10]
      16    2       2  [4, 5]
      18    1       1  [2]
  components = 1, diameter = 9, path = False
