Gamma(Z_77),  n = 7*11
  I(Z_77) = [0, 1, 22, 56]
  |V| = 16,  |E| = 15 (formula: 15)
       x  deg formula  neighbours
       7    2       2  [49, 70]
      11    1       1  [66]
      14    2       2  [42, 63]
      21    2       2  [35, 56]
      22    2       2  [55, 56]
      28    1       1  [49]
      33    2       2  [44, 66]
      35    2       2  [21, 42]
      42    2       2  [14, 35]
      44    2       2  [33, 55]
      49    2       2  [7, 28]
      55    2       2  [22, 44]
      56    2       2  [21, 22]
      63    2       2  [14, 70]
      66    2       2  [11, 33]
      70    2       2  [7, 63]
  components = 1, diameter = 15, path = True
